"RI","Na","Mg","Al","Si","K","Ca","Ba","Fe","Class"
1.52210718,14.188,3.78058,0.90953,71.3612,0.22977,9.1422,0,0.1887,"positive"
1.51609326,13.33015,3.52914,1.33967,72.6716,0.5589,8.3352,0,0,"positive"
1.51654886,13.40995,3.38995,1.27868,72.638,0.52164,8.64724,0,0,"positive"
1.51663998,13.1373,3.44832,1.76018,72.4812,0.60237,8.37824,0,0.0867,"positive"
1.5177562,13.52965,3.40791,1.51943,72.0388,0.57753,8.78712,0,0,"positive"
1.51609326,13.42325,3.39893,1.2209,72.6884,0.58995,8.32444,0,0,"positive"
1.52126432,14.321,3.90181,0.82928,71.5012,0,9.48652,0,0,"positive"
1.51645774,13.03755,3.39893,1.25942,73.0076,0.52164,8.58268,0,0,"positive"
1.5193508,13.6427,3.53812,0.74903,72.6492,0.16146,8.89472,0.1512,0.1224,"positive"
1.51693612,12.858,3.57853,1.31078,72.61,0.60858,8.78712,0,0,"positive"
1.51777898,13.6427,3.65037,0.64952,73.002,0.0621,8.927,0,0,"positive"
1.51670832,13.23705,3.56955,1.3814,72.6996,0.5589,8.4428,0,0.051,"positive"
1.52121876,14.0284,3.75813,0.5789,71.7924,0.11178,9.64792,0,0,"positive"
1.52109797418845,13.9883468574594,3.69180702926759,0.850765412841081,71.8327812352691,0.204759352343765,9.05158903408044,0.0553595363141969,0.164425282687624,"positive"
1.52110967770296,14.0370671900921,3.69514196511221,1.04935520052074,71.5165460499637,0.309497187625989,9.06079463485669,0,0.145438784492109,"positive"
1.52196210684709,14.1619383678846,3.77691406239981,0.855540291815083,71.4316121288732,0.21050300768612,9.22478075559773,0,0.157886528946273,"positive"
1.51844229029464,13.6334628296335,3.46667498400471,1.42325707557767,71.9319517075118,0.522692983772568,8.84311128054416,0,0.0297554202959407,"positive"
1.52107327990582,13.9834615396447,3.68963484119248,0.849327500665649,71.84432036849,0.204147366171156,9.04937187205442,0.056714130214043,0.163831304013287,"positive"
1.51938167477208,13.7756017892977,3.54713511326435,1.2915785588324,71.7856566379158,0.447610968715455,8.91977369688439,0,0.0704960927173728,"positive"
1.52191087322093,14.2189764392863,3.8088151408622,0.890839328926902,71.3938067781961,0.176255289813511,9.22239404191762,0,0.144750721102883,"positive"
1.52204085682795,14.1984655362489,3.79011937563497,0.903215268541565,71.3722163539462,0.211689802527046,9.1692939356482,0,0.1738515286454,"positive"
1.52157502146489,14.0827220451484,3.73376963335168,0.878543182186521,71.6098667996496,0.216581778661441,9.09442045063876,0.0291913199588656,0.17589983787518,"positive"
1.52094430983695,14.0120452560466,3.68097788193344,1.0725356935326,71.5422996195076,0.322714515466299,9.04729909549179,0,0.138266856255778,"positive"
1.51609326,13.3697668350129,3.47373174987077,1.28912981208932,72.6787489025587,0.572112703836209,8.3306212981231,0,0,"positive"
1.51645960665101,13.2009248908994,3.47498405850396,1.62144573569042,72.5440165892001,0.588028418421589,8.36404028361779,0,0.0580960174178006,"positive"
1.51609326,13.3773240804322,3.46316215882845,1.27948884497392,72.6801126160178,0.57463313853296,8.32974787212191,0,0,"positive"
1.51652019853295,13.1795517118843,3.46602693987291,1.66805001625889,72.5229149387751,0.592846111404661,8.36881032056261,0,0.0677048046649201,"positive"
1.51627839133079,13.3021271617462,3.54130329638921,1.35223061267809,72.6800279212793,0.5589,8.36758729748773,0,0.0153508566159289,"positive"
1.51609326,13.4083261139286,3.41980260156137,1.23993877495925,72.685706967927,0.584972699650715,8.32616482292297,0,0,"positive"
1.51619414791379,13.3478208856904,3.49831781229015,1.32616439450806,72.6641596270777,0.55064915788441,8.40429803472219,0,0,"positive"
1.51655742606498,13.1664200731068,3.46052370395898,1.69668359376649,72.5099501266245,0.595806092414043,8.37174102179665,0,0.0736084244834958,"positive"
1.51627603117007,13.3024844130105,3.541148231689,1.35207048276125,72.6799204772901,0.5589,8.36717440558616,0,0.0151551550640725,"positive"
1.51609326,13.391571961129,3.44323502085272,1.2613124669893,72.6826836621586,0.579384982739598,8.32810117828412,0,0,"positive"
1.51646890604222,13.0831847028481,3.39782957134378,1.26178016212904,72.9623084152184,0.52164,8.59059132227678,0,0,"positive"
1.51614714738617,13.4216769046619,3.39786786495214,1.22773409388253,72.6824387966134,0.581870440409901,8.36262008835725,0,0,"positive"
1.5166520350745,13.2980788700555,3.50615621710829,1.34514270947307,72.6778569207899,0.545748260854427,8.51496160898875,0,0.0329984246799722,"positive"
1.51630827883994,13.3678113332462,3.4634497622239,1.31088598101901,72.6557425965279,0.541315272221155,8.48246619581617,0,0,"positive"
1.51663962596428,13.311533875434,3.49217982054399,1.33714908221759,72.6730632346632,0.542848703304394,8.53087104391974,0,0.0290296261010226,"positive"
1.51613681728526,13.4219784637974,3.39807147405267,1.22642401216443,72.6835815470217,0.583419275338312,8.35530104407543,0,0,"positive"
1.51647023973218,13.4122451043943,3.39149962687675,1.26870923820283,72.6466972377047,0.533427863246184,8.59153626327232,0,0,"positive"
1.51653144553895,13.3387785195847,3.39166621883493,1.274999111942,72.7086363565024,0.52164,8.63490157149406,0,0,"positive"
1.51615432204694,13.4214674599994,3.39772645043571,1.22864399708512,72.6816451115768,0.580794713726467,8.36770345204357,0,0,"positive"
1.51669948472237,13.2466299542359,3.55959881561156,1.37570854309365,72.6961868988957,0.556835517091798,8.45412750632724,0,0.048174218241591,"positive"
1.51668598876119,13.2044550179804,3.52993606846885,1.50517270465536,72.6282341446308,0.573104550059054,8.42170393945681,0,0.0626655725122662,"positive"
1.51663927119283,13.1394208985422,3.44786594957672,1.75643449239661,72.4824197208561,0.601742014893412,8.38033250580543,0,0.0860255752664292,"positive"
1.51624859556133,13.3420051145709,3.41296282004317,1.37412168845674,72.6295297770208,0.59347880390638,8.33972580114036,0,0.0246334378971951,"positive"
1.51643978704609,13.2079160578743,3.47791393205808,1.6062014752568,72.5509189391717,0.586452551019983,8.36248000450656,0,0.0549529830557294,"positive"
1.51616611102221,13.3851468579854,3.40551127009653,1.29275963429149,72.660790379348,0.591604978226339,8.33160890729284,0,0.0115528673287947,"positive"
1.51662835323795,13.1720896913163,3.440872084056,1.69874139237562,72.5012074219637,0.59206898485251,8.41256395732286,0,0.0756372226769803,"positive"
1.51637799815966,13.2743239011676,3.4246528886915,1.50176332078459,72.5804878206747,0.596418481019405,8.35245966818389,0,0.0451543723335257,"positive"
1.51641448153798,13.2552420639698,3.42794875139196,1.53775021766868,72.5666610794004,0.597247284719339,8.35604981625607,0,0.0509399827026296,"positive"
1.51653875720953,13.1902423780618,3.43917565989693,1.66033469263451,72.5195621637853,0.60007049191982,8.36827916789745,0,0.0706478783774888,"positive"
1.51663927796173,13.1394006445875,3.44787028562417,1.75647026088805,72.4824080728822,0.601748011965717,8.38031252299297,0,0.0860320158234565,"positive"
1.51720324199417,13.3752472892821,3.49320615229131,1.44659265837188,72.3874989447791,0.56769909603324,8.60542505347103,0,0.0269122974935453,"positive"
1.51719583702046,13.4740936126935,3.39957422125292,1.40769064959023,72.3169068276865,0.551589762017021,8.72219746485849,0,0,"positive"
1.51732869769912,13.48726589493,3.40155061380904,1.43418377363735,72.2509683856137,0.557740128384596,8.73759043761741,0,0,"positive"
1.5169272710554,13.4474670236481,3.39557912067436,1.35413717162313,72.4501954839602,0.539157347131949,8.6910819487711,0,0,"positive"
1.51625467638499,13.3495148410678,3.51737258304436,1.35711874100426,72.6101760830691,0.560708355835055,8.37906646102941,0,0,"positive"
1.51744147858037,13.4417701975562,3.45645713351682,1.47797391957853,72.237265391165,0.571934645524509,8.68370655646801,0,0.015317395504564,"positive"
1.51677789363722,13.2564770777661,3.55881796701944,1.39056445503778,72.6557264081072,0.560136932531723,8.46566100962549,0,0.0476138722964097,"positive"
1.51762563805718,13.4837576326673,3.41263667405101,1.54759002914577,72.0905466122288,0.580435483381022,8.73929415278453,0,0.0101411195303779,"positive"
1.51710848264924,13.3019781229759,3.43135901376461,1.65913180806308,72.2955147658862,0.591944093093611,8.54985613590516,0,0.0503100592277013,"positive"
1.51642014314305,13.3693655983009,3.50530988981444,1.37500531804798,72.5472108741613,0.562562088202236,8.42403365004586,0,0,"positive"
1.51625715972109,13.3736318683272,3.44439641045118,1.26366965700043,72.6913845492736,0.581675870094309,8.3559802903587,0,0.0135903582992032,"positive"
1.51632687381627,13.4164302814828,3.39432540809894,1.25052731849031,72.6625568561455,0.554923310382951,8.48995918325843,0,0,"positive"
1.51665054591157,13.2545402208988,3.55352324656415,1.36632384288798,72.6985479566377,0.561816602357186,8.43168215603876,0,0.046209445403656,"positive"
1.51628150063659,13.2240500067737,3.39893,1.24079417614487,72.853255166808,0.554670374546831,8.45781154848523,0,0,"positive"
1.5164026174288,13.0958818034202,3.39893,1.25359438146812,72.959325404066,0.531970945013312,8.54362476298876,0,0,"positive"
1.51609326,13.3807928578806,3.45831071402115,1.27506363877038,72.6807385608206,0.575790018659423,8.32934696937921,0,0,"positive"
1.51642853997738,13.413462415059,3.39232154039324,1.26342080134507,72.6513102044342,0.539680080652793,8.56199130969519,0,0,"positive"
1.51646861960751,13.4122923995173,3.39153155997481,1.26850377111975,72.6468764613286,0.533670775264967,8.59038837863371,0,0,"positive"
1.51609326,13.3470278738872,3.50553454394356,1.31813847388201,72.6746456313781,0.564528979422105,8.33324934561733,0,0,"positive"
1.51619314753479,13.3930105778643,3.42663918477333,1.24696566730817,72.6902189126097,0.584907389595522,8.3436620086143,0,0.00828254849044606,"positive"
1.51832199454789,13.6572800455718,3.48756688950263,1.40812163334634,71.9520951127827,0.484385145992192,8.89992021971683,0,0,"positive"
1.52060166538275,14.0861037737343,3.7758636509943,0.801489314229956,71.8987539845983,0.0559138208651869,9.28157884313132,0.052360768703185,0.0423872889501974,"positive"
1.52086560132809,14.2310583728568,3.84567533184303,0.907719646139974,71.5623014326811,0.0656397143160459,9.40702903642643,0,0,"positive"
1.52123354739587,14.1233690964155,3.80476417557411,0.660165763364737,71.697885301175,0.075499598095254,9.59553444920893,0,0,"positive"
1.52123383842654,14.125238182767,3.80568198256992,0.661765154481181,71.6960251578204,0.0747855636715936,9.59450344942383,0,0,"positive"
1.52163587091352,14.2623707240839,3.84836919459162,0.86465593528023,71.4394849727198,0.101287584415432,9.3347362986207,0,0.0831830403411761,"positive"
1.52106053174618,14.2487616264447,3.86307732407738,0.820733443199454,71.6234610243866,0.0171953527852474,9.4234938029338,0.0161026715045795,0.0130354959798977,"positive"
1.51797159426676,13.5782379197414,3.43823485443898,1.47705563617926,72.0057920191407,0.542070366098103,8.8300623024795,0,0,"positive"
1.52194254995519,14.2139779749429,3.804259021822,0.893855319630327,71.388545236782,0.184890606747167,9.20945365663409,0,0.151842527280282,"positive"
1.52197094148914,14.2094979023142,3.80017541877856,0.896558521348024,71.383829370857,0.192630353272716,9.19785532123923,0,0.158198840851989,"positive"
1.5168915535885,12.8747270771872,3.56179826475728,1.3059952454228,72.6470408570852,0.600480573151438,8.76807414280055,0,0,"positive"
1.51675120073344,12.9274056070705,3.5091050652751,1.29092663336597,72.7636935080547,0.57497307447114,8.70809308655256,0,0,"positive"
1.51649540060793,13.0675336031694,3.42457311966301,1.27775283165217,72.9613095249314,0.527239945133301,8.56165691021884,0,0.00766498126136139,"positive"
1.5165763524775,13.1319836709314,3.47969327285369,1.31715944451233,72.8618076659305,0.539277085608537,8.51646755944922,0,0.0241409384335857,"positive"
1.51651815044622,13.0148761933624,3.42161012070237,1.26590580734562,72.9573905568415,0.532618895845567,8.60849694808681,0,0,"positive"
1.51656307082687,13.1214094459298,3.47064979280469,1.31069406122562,72.8781327852312,0.53730217020222,8.52388170778619,0,0.0214377530948259,"positive"
1.51651795312131,13.0854888526676,3.43992913304332,1.28873118420246,72.9335891397413,0.530593391731298,8.5490675352825,0,0.0122550450428389,"positive"
1.51639094039331,13.0911758914519,3.42279407151727,1.27412771629876,72.9460200289547,0.528468778931983,8.5373234189456,0,0,"positive"
1.51647172039172,13.0323027502531,3.40417871096937,1.26092096768033,72.9959803592348,0.524180773561676,8.58865464627271,0,0,"positive"
1.51658969507263,13.1426064170714,3.48877825002866,1.32365449500936,72.8454076368021,0.541261063158293,8.50901939037622,0,0.0268565276723821,"positive"
1.5187609701449,13.6427,3.58024212672859,0.711688593935308,72.7815891876156,0.124174881855212,8.90683316036346,0.0944617767361924,0.07646905735787,"positive"
1.51837162426282,13.5487513833579,3.53542072443626,0.926568988748919,72.6559331595354,0.280925487756282,8.72653529360559,0.105751173136197,0.0856080925388262,"positive"
1.51922957331579,13.6427,3.54677728601435,0.741355287026388,72.6764097149743,0.153796855782755,8.89720959637009,0.139538693582453,0.112959894804843,"positive"
1.51660095772597,13.3788618881893,3.53053956088927,1.24761692164406,72.6681088904321,0.496957741667032,8.42240292970628,0.0235649895831943,0.0190764201387763,"positive"
1.51813884035901,13.5420256078146,3.47403009800167,0.978126420283569,72.64435551797,0.317253351567518,8.7876742488591,0.0857994925953448,0.0694567321009934,"positive"
1.51897516258753,13.6427,3.56494578129135,0.725248855266795,72.7335130123794,0.137714702636003,8.90243435385376,0.115065851837397,0.0931485467255115,"positive"
1.51887107877376,13.5966723628075,3.53679756140781,0.836010526736137,72.6524987332366,0.219988952570111,8.81232235622477,0.128933550652675,0.104374779099785,"positive"
1.51730104592172,13.5046146556977,3.4505369556918,1.04594652502127,72.6738659626186,0.431080365368351,8.53588058259874,0.0560598584711552,0.0453817901909351,"positive"
1.51889486564394,13.5989546329478,3.53686313423091,0.831697616687622,72.6523351662837,0.217086807490736,8.81640802504223,0.130037627585046,0.105268555664085,"positive"
1.5173872898225,13.5104246301036,3.45422203355714,1.0334536901027,72.6728281362494,0.419736022998083,8.55097883825679,0.0600629030378535,0.0486223500782624,"positive"
1.51639156417512,13.16304714035,3.5466200598075,1.32944527985749,72.6497985891042,0.576482696319837,8.49514307811717,0,0,"positive"
1.51626903826783,13.2316832212288,3.53944027364929,1.33364499684697,72.6587533335332,0.569260753085576,8.42944781671565,0,0,"positive"
1.51666062253213,12.9614022541833,3.47509895098118,1.28120194500219,72.8389765316809,0.558511540079643,8.66938367671822,0,0,"positive"
1.51693069988404,12.8600343279848,3.5764951055078,1.31019808362406,72.6145048666486,0.60759495697577,8.78480366464374,0,0,"positive"
1.51665455240837,13.2593097975581,3.44141793980704,1.28744084880584,72.6303581381133,0.545367981158257,8.68541655859693,0,0,"positive"
1.51657000905228,12.995412142363,3.44107959193319,1.27147346905172,72.9142888766557,0.542043594224229,8.63065919028297,0,0,"positive"
1.51676470387662,13.1432295064354,3.57177268310832,1.36392050321717,72.6774226718813,0.571196536394376,8.52802430377036,0,0.0383767440395895,"positive"
1.51691538645368,12.8875508983342,3.56843359922481,1.30906139535007,72.6114990943987,0.603925311892061,8.77963095269682,0,0,"positive"
1.51688221953779,12.8881937489392,3.57537153497807,1.31262750059696,72.6139392882233,0.605402989627663,8.75821994912507,0,0,"positive"
1.51613821329918,13.3049682376559,3.53177417821069,1.33812917374961,72.6683146106949,0.56154964514086,8.35930281062918,0,0,"positive"
1.51742459375199,13.5965653737721,3.59751016669516,0.769640313210795,72.9360723682612,0.173069070195523,8.80032476473048,0,0,"positive"
1.51833368063586,13.6427,3.61075659237378,0.684637418199426,72.8774956774117,0.0971644826881215,8.91560827796726,0.0533589953949675,0.0431953772244975,"positive"
1.51611702061901,13.4263431992515,3.40247410580911,1.21284626480589,72.6928202655971,0.58250983037171,8.33293322461158,0,0,"positive"
1.51712035495101,13.5180820926793,3.51093715177459,0.986381879999619,72.8071088366713,0.308144739549598,8.77721222018454,0,0,"positive"
1.51727253852527,13.5767705564212,3.57482978904784,0.82117990190044,72.9077850375652,0.220682168116048,8.74597267932177,0,0,"positive"
1.51877147118356,13.6427,3.57949220524316,0.712353401837449,72.7792321960783,0.124838687635101,8.90661750365478,0.0954719159664586,0.0772867891157046,"positive"
1.51743772372135,13.5982746563194,3.5994686173841,0.765189869547701,72.9385149793655,0.168957679024036,8.80501806749508,0,0,"positive"
1.51668560306077,13.1419150897835,3.44229372498581,1.154235717989,73.0066342154792,0.442387032373608,8.64206195111007,0,0,"positive"
1.51775751763142,13.6399059910399,3.64716869850574,0.656794736111159,72.9980072854415,0.0688205177924945,8.91932828416966,0,0,"positive"
1.51850641939003,13.6427,3.59842062187102,0.6955732972616,72.8387239144418,0.108083877157196,8.91206079353226,0.0699754652392119,0.0566468051936477,"positive"
1.51670180835287,13.2441104777958,3.56221592358518,1.37720536564961,72.6970845261294,0.557378464993229,8.451148433086,0,0.0489173836461268,"positive"
1.51617287425487,13.3991480030287,3.42101529926558,1.24167535184694,72.6898497441787,0.585930843147368,8.33976068937448,0,0.00660151367099025,"positive"
1.51650880365783,13.2672502592521,3.55644159531283,1.36786340688949,72.6905172152625,0.5589,8.40789615579462,0,0.0344563563710544,"positive"
1.51668947718024,13.242754375248,3.56432292961966,1.37648296333347,72.6992568796843,0.559851239803713,8.43917395352118,0,0.0494375771339983,"positive"
1.51654780406345,13.1092547675714,3.46025464883727,1.30326234360081,72.8968979026968,0.535032078394541,8.53240399554943,0,0.0183305420859251,"positive"
1.51637024223911,13.3393978670016,3.47576593411482,1.29317855717635,72.6934437373232,0.57596713893878,8.37774149549778,0,0.0229670181681868,"positive"
1.51659414865006,13.3608442205201,3.44095866393633,1.3078537748304,72.6554951764949,0.532222309678551,8.58917646294463,0,0.0144846428772435,"positive"
1.51668774536484,13.2593587571771,3.54637676235391,1.36814635316812,72.6916519407628,0.554092456376986,8.4691782667281,0,0.0444196262808982,"positive"
1.51626607399431,13.3709332085627,3.44686926399049,1.26599583794675,72.6915468746729,0.581225851911237,8.35769572198989,0,0.0143295185999014,"positive"
1.51614298956507,13.3226225677038,3.53240727754125,1.3430440037564,72.6738638894124,0.5589,8.34389980359906,0,0.00412351285829209,"positive"
1.5195314526209,13.6800015031805,3.55939742731331,0.732576526481465,72.5663378586335,0.156655388441775,8.96756286283525,0.13657726917062,0.110562551233359,"positive"
1.52161477329543,14.099541714448,3.76813708953232,0.726278352430749,71.600192560965,0.164374053181212,9.42249526421898,0,0.0841130420823349,"positive"
1.51883148121166,13.7607161863075,3.68334232106946,0.627911747272406,72.6318875318706,0.0773010477981717,9.14758654143836,0,0,"positive"
1.5212507461962,14.233824956285,3.85900306124069,0.754683665600247,71.5879579382427,0.0333028926400049,9.53460630230897,0,0,"positive"
1.52122366522612,14.029281198182,3.75825395300241,0.580725504729953,71.790019218947,0.112431457227375,9.64512777227707,0,0.00104186777528375,"positive"
1.52127292601981,14.0381306417697,3.7594987525547,0.599058158448117,71.7661101959204,0.118973724451179,9.6170867910039,0,0.0115048377314815,"positive"
1.52063236926638,13.9073209051816,3.68906437477058,0.632307276125087,72.0613669910302,0.127375565026123,9.41147516147995,0.0474647631229833,0.0384238558614627,"positive"
1.52060638479637,13.9019555814694,3.68600390064578,0.634673888837481,72.0732856048666,0.128066644315794,9.40099768722512,0.0495680479176343,0.040126514980942,"positive"
1.52149706024714,14.0783951818332,3.76516253027666,0.682470845673643,71.657325298205,0.148740723712407,9.48950168322876,0,0.0591108446862549,"positive"
1.52016666221474,13.9104290495975,3.72517031730523,0.600499970229254,72.1623706030771,0.09658477880219,9.42741800994514,0,0,"positive"
1.52101374,13.6427,4.49,1.09892,71.7812,0.0621,8.75484,0,0,"negative"
1.52222108,13.21045,3.7716,0.79076,71.9884,0.13041,10.2452,0,0,"negative"
1.51782454,12.69175,3.53812,1.33967,72.9516,0.57132,8.75484,0,0,"negative"
1.5160477,12.8979,3.43934,1.44881,73.58,0.44091,8.27064,0,0,"negative"
1.52171992,13.5097,3.8614,0.88064,71.7924,0.22977,9.54032,0,0.0561,"negative"
1.5184396,13.25035,3.75813,1.32041,72.4028,0.57753,8.42128,0,0,"negative"
1.51766508,13.21045,3.69078,1.29152,72.61,0.57132,8.21684,0,0,"negative"
1.51645774,13.4432,3.60996,1.53869,72.3916,0.65826,8.03392,0,0,"negative"
1.516845,14.9195,0,1.9913,73.58,0,8.39976,1.59075,0,"negative"
1.51743728,13.2969,3.60098,1.14065,73.0916,0.57753,8.1738,0,0,"negative"
1.51531874,14.38085,0,2.65898,73.0972,0.03726,9.07764,0.63945,0,"negative"
1.5266404,11.22875,0,0.7715,73.2092,0,14.6836,0,0,"negative"
1.5215149,13.05085,3.65037,0.87101,72.3188,0.19251,9.85236,0,0.0867,"negative"
1.51736894,12.7782,3.61894,1.29152,72.7892,0.58995,8.70104,0,0,"negative"
1.51743728,12.19965,3.25076,1.15991,73.5508,0.621,8.89472,0,0.1224,"negative"
1.5190091,13.48975,3.47975,1.3493,71.9492,0.55269,9.00232,0,0,"negative"
1.51761952,12.79815,3.65935,1.26905,73.0076,0.60237,8.56116,0,0,"negative"
1.51408862,14.24785,3.08912,2.08118,72.2796,1.09917,7.07628,0,0,"negative"
1.51315464,13.0176,0,3.04097,70.482,6.21,6.95792,0,0,"negative"
1.51750562,12.81145,3.56955,1.3493,73.0188,0.621,8.59344,0,0,"negative"
1.51689056,13.33015,3.53812,1.60931,72.5428,0.6831,8.10924,0,0,"negative"
1.51777898,13.21045,3.38995,1.33004,72.7612,0.58995,8.59344,0,0,"negative"
1.52176548,13.7491,1.01025,1.35893,72.19,0.32913,11.14356,0,0,"negative"
1.51727782,14.70005,0,2.34119,73.282,0,8.94852,0.6615,0,"negative"
1.52474966,11.4482,0,1.87895,72.19,0.8073,13.24176,0,0.1734,"negative"
1.51755118,12.99765,3.60098,1.35893,72.9908,0.57132,8.39976,0,0.0561,"negative"
1.51812068,13.33015,3.84793,1.24979,72.778,0.52164,8.12,0,0,"negative"
1.51632106,13.3368,3.56955,1.57079,72.8676,0.60858,7.89404,0,0,"negative"
1.5173006,12.3526,2.72094,1.62857,72.8676,0.70173,9.22828,0,0,"negative"
1.51846238,13.0974,3.96916,1.1888,72.442,0.60237,8.43204,0,0,"negative"
1.51784732,12.67845,3.66833,1.15991,73.1084,0.60858,8.70104,0,0,"negative"
1.51746006,12.83805,3.5022,1.14065,73.2708,0.5589,8.5504,0,0,"negative"
1.51588824,13.11735,3.40791,1.58042,73.2596,0.06831,8.389,0,0.0969,"negative"
1.52080872,13.78235,2.28092,1.42955,71.9884,0.49059,9.85236,0,0.0867,"negative"
1.5277794,12.63855,0,0.66878,72.022,0.0621,14.40384,0,0,"negative"
1.51919134,14.417,3.57853,1.36856,72.078,0.5589,8.30292,0,0,"negative"
1.51709558,12.99765,3.47077,1.78907,72.722,0.65826,8.18456,0,0,"negative"
1.5215149,13.11735,3.57853,0.8999,72.2012,0.22977,9.82008,0,0.0816,"negative"
1.5176423,12.9777,3.53812,1.21127,73.002,0.65205,8.52888,0,0,"negative"
1.52212996,14.20795,3.82099,0.46976,71.77,0.11178,9.5726,0,0,"negative"
1.5163894,14.36755,0,2.73923,72.8508,0,9.45424,0.53865,0,"negative"
1.51755118,12.7117,3.42138,1.19843,73.198,0.58995,8.63648,0,0,"negative"
1.51750562,12.8181,3.55159,1.49054,72.75,0.54027,8.51812,0,0.0969,"negative"
1.51720948,12.8713,3.47975,1.33004,73.0412,0.5589,8.43204,0,0,"negative"
1.52042146,13.3767,0,1.40066,72.2516,0.32913,12.49932,0,0,"negative"
1.51654886,12.7516,2.85115,1.43918,73.2708,0.57132,8.78712,0.11025,0.1122,"negative"
1.5151365,14.853,0,2.42144,73.7188,0,8.389,0.5607,0,"negative"
1.52222108,14.4274,0,0.99941,72.6716,0.09936,11.52016,0,0.0408,"negative"
1.51812068,13.4299,3.97814,1.17917,72.4924,0.57753,8.15228,0,0,"negative"
1.51720948,13.3767,3.5022,1.15028,72.8508,0.50301,8.43204,0,0,"negative"
1.51910022,13.90205,3.73119,1.17917,72.1228,0.0621,8.89472,0,0,"negative"
1.51568322,13.23705,3.48873,1.47128,73.2484,0.37881,8.03392,0,0,"negative"
1.52613924,13.70255,0,1.35893,71.238,0.19251,13.43544,0,0.051,"negative"
1.52171992,11.56125,1.88131,1.56116,72.862,0.47196,11.41256,0,0,"negative"
1.52210718,13.72915,3.83895,0.72014,71.7588,0.16767,9.74476,0,0,"negative"
1.51666276,12.858,0,1.8308,73.8812,0.96876,10.17516,0,0,"negative"
1.51652608,11.94695,0,1.1888,75.1804,2.70135,8.927,0,0,"negative"
1.51848516,13.6427,3.87038,1.26905,71.9604,0.54027,8.32444,0,0.1632,"negative"
1.51830292,14.3875,0,1.82117,72.862,1.40967,6.47372,2.8791,0,"negative"
1.52365622,15.79065,1.83192,1.31078,70.4316,0.3105,8.61496,1.67895,0,"negative"
1.51846238,13.40995,3.88834,1.33004,72.3804,0.50922,8.2814,0,0,"negative"
1.51629828,12.7117,3.33158,1.49054,73.282,0.67068,8.23836,0,0,"negative"
1.5229956,13.3102,3.57853,0.81965,71.9884,0.11799,10.17516,0,0.0153,"negative"
1.51622994,14.2013,0,2.79059,73.4612,0.03726,9.04536,0.40005,0.459,"negative"
1.51768786,12.55875,3.52016,1.42955,73.1476,0.57132,8.53964,0,0,"negative"
1.51807512,13.4299,2.86911,1.1888,72.8396,0.55269,9.0346,0,0,"negative"
1.51761952,12.81145,3.53812,1.23053,73.2372,0.57753,8.389,0,0,"negative"
1.52212996,14.20795,3.82099,0.46976,71.77,0.11178,9.5726,0,0,"negative"
1.53393,12.2994,0,0.99941,70.1628,0.11799,16.19,0,0.1224,"negative"
1.51859906,13.35675,3.43036,1.42955,72.2628,0.50922,8.6042,0,0,"negative"
1.5165033,14.38085,0,1.93994,73.6124,0,8.47508,1.5687,0,"negative"
1.5163894,12.5521,3.47975,1.86932,73.2316,0.62721,8.07696,0,0.459,"negative"
1.51215232,12.991,3.47077,1.12139,72.9796,0.621,8.34596,0,0.1581,"negative"
1.52058092,12.85135,1.61191,2.17106,72.1788,0.75762,9.70172,0.2394,0.2601,"negative"
1.51645774,13.40995,3.55159,1.24979,72.8116,0.6831,8.09848,0,0,"negative"
1.51618438,13.52965,3.55159,1.53869,72.9908,0.39123,7.77568,0,0,"negative"
1.51613882,13.922,3.52016,1.24979,72.8788,0.3726,7.93708,0,0.0714,"negative"
1.5171867,14.75325,0,2.00093,73.0188,0,8.52888,1.59075,0.0408,"negative"
1.51755118,13.1506,3.60996,1.05077,73.2372,0.57132,8.23836,0,0,"negative"
1.51898632,13.58285,3.34954,1.23053,72.078,0.58995,8.90548,0,0,"negative"
1.5159338,13.09075,3.52016,1.55153,72.8676,0.6831,8.04468,0,0.459,"negative"
1.52247166,14.85965,2.2001,2.05871,70.258,0.75762,9.75552,0,0,"negative"
1.52408904,13.8289,2.90054,1.16954,71.1484,0.08073,10.78848,0,0,"negative"
1.51682222,14.5604,0,1.97846,73.2876,0,8.51812,1.5687,0.0357,"negative"
1.5167311,12.7915,3.52016,1.53869,73.3604,0.65826,7.9048,0,0,"negative"
1.5166172,12.85135,3.51118,1.43918,73.0076,0.6831,8.2276,0.5985,0.1275,"negative"
1.515706,12.71835,3.46179,1.56116,73.198,0.67068,8.08772,0,0.1224,"negative"
1.5215149,13.05085,3.65037,0.87101,72.218,0.19251,9.85236,0,0.0867,"negative"
1.51734616,13.0176,3.53812,1.68956,72.7276,0.54027,8.4428,0,0.0357,"negative"
1.51761952,13.88875,3.60098,1.35893,72.7276,0.47817,7.82948,0,0,"negative"
1.5132002,12.99765,0,3.0185,70.7004,6.21,6.92564,0,0,"negative"
1.5162755,12.99765,3.57853,1.53869,72.8284,0.60858,8.04468,0,0,"negative"
1.523679,13.4432,0,1.58042,72.218,0.32292,12.24108,0,0,"negative"
1.51784732,13.7745,3.48873,1.27868,72.862,0.60237,8.48584,0,0,"negative"
1.51755118,13.4831,3.74017,1.16954,72.9908,0.58995,8.03392,0,0,"negative"
1.51591102,13.0176,3.57853,1.5098,73.1196,0.68931,7.9586,0,0,"negative"
1.51850794,13.19715,3.62792,1.07003,72.8284,0.57132,8.41052,0.09135,0.0867,"negative"
1.51905466,13.6028,3.61894,1.10855,72.638,0.14283,8.75484,0,0,"negative"
1.51841682,13.0176,3.61894,1.0604,72.3412,0.63963,9.13144,0,0.0765,"negative"
1.51818902,12.6186,2.76135,0.82928,73.8084,0.34776,9.42196,0,0.102,"negative"
1.51818902,13.7225,0,0.55964,74.4524,0,10.99292,0,0,"negative"
1.51796122,12.7383,3.47975,1.3493,72.9572,0.63963,8.67952,0,0,"negative"
1.52739214,11.0226,0,0.74903,73.0804,0,14.96336,0,0,"negative"
1.51625272,13.35675,3.57853,1.49054,72.722,0.44712,8.20608,0,0,"negative"
1.51689056,12.6718,2.87809,1.70882,73.2092,0.73278,8.53964,0,0,"negative"
1.51837126,14.321,3.25974,2.21921,71.2492,1.45935,5.78508,1.62855,0,"negative"
1.52019366,13.98185,1.35149,1.62857,71.7588,0.39123,10.56252,0,0.51,"negative"
1.52320062,13.7225,3.72221,0.51149,71.7476,0.08694,10.568,0,0.0816,"negative"
1.51793844,13.21045,3.47975,1.41029,72.638,0.58995,8.43204,0,0,"negative"
1.51755118,13.39,3.65935,1.1888,72.7892,0.57132,8.27064,0,0.0561,"negative"
1.5159338,13.25035,3.44832,1.42955,73.17,0.60858,7.86176,0,0,"negative"
1.5174145,13.2703,3.61894,1.24016,73.0804,0.55269,8.0662,0,0,"negative"
1.51793844,12.7915,3.5022,1.12139,73.03,0.63963,8.7656,0,0,"negative"
1.51618438,13.01095,3.5022,1.48091,72.89,0.60237,8.12,0,0,"negative"
1.51732338,14.95275,0,1.7987,72.9908,0,8.61496,1.5498,0,"negative"
1.51841682,12.93115,3.74017,1.10855,72.2796,0.63963,8.95928,0,0.1122,"negative"
1.5177562,12.85135,3.47975,1.23053,72.9684,0.60858,8.56116,0.09135,0.1122,"negative"
1.51595658,12.7915,3.60996,1.61894,72.9684,0.63963,8.0662,0,0.1326,"negative"
1.51768786,12.65185,3.56057,1.30115,73.0804,0.60858,8.69028,0,0.0714,"negative"
1.51591102,13.23705,3.34056,1.47128,73.0972,0.39123,8.21684,0,0,"negative"
1.51869018,13.1905,3.37199,1.17917,72.722,0.57132,8.83016,0,0.0816,"negative"
1.51768786,12.45235,2.71196,1.29152,73.702,0.5589,9.05612,0,0.1224,"negative"
1.51914578,12.73165,1.84988,1.85969,72.6884,0.60237,10.08908,0,0,"negative"
1.51925968,13.19715,3.33158,1.27868,72.358,0.60237,9.1422,0,0.0561,"negative"
1.51591102,12.8181,3.52016,1.90142,72.862,0.68931,7.96936,0,0,"negative"
1.51613882,13.8821,1.77804,1.78907,73.0972,0,8.66876,0.75915,0,"negative"
1.53124196,10.73,0,2.10044,69.81,0.57753,13.29556,3.15,0.1428,"negative"
1.5215149,11.02925,1.71069,1.56116,73.4388,0.57753,11.617,0,0,"negative"
1.51652608,13.5629,3.56955,1.47128,72.4476,0.63963,7.9586,0,0,"negative"
1.51645774,14.93945,0,1.86932,73.1084,0,8.66876,1.3797,0,"negative"
1.51609326,15.126,0,2.51132,73.0524,0.04968,8.83016,0.5292,0,"negative"
1.51663998,12.93115,3.53812,1.61894,72.9572,0.63963,8.03392,0,0.1071,"negative"
1.5167311,12.8713,3.56057,1.64141,73.142,0.65205,7.99088,0,0,"negative"
1.51789288,13.1905,3.90181,1.30115,72.33,0.55269,8.4428,0,0.1428,"negative"
1.51622994,14.14145,0,2.88047,72.61,0.08073,9.18524,1.06155,0,"negative"
1.5151365,14.00845,2.68053,3.5,69.8884,1.68291,5.87116,2.1987,0,"negative"
1.51837126,13.1373,2.84217,1.27868,72.8508,0.55269,9.06688,0,0,"negative"
1.51686778,13.2304,3.53812,1.48091,72.8396,0.5589,8.09848,0,0,"negative"
1.51711836,12.89125,3.61894,1.57079,72.9572,0.60858,8.10924,0,0,"negative"
1.5170728,13.7225,3.6818,1.81154,72.0612,0.63963,7.88328,0,0,"negative"
1.51761952,12.61195,3.592,1.31078,73.2876,0.57753,8.4966,0,0,"negative"
1.51711836,14.2279,0,2.08118,73.3604,0,8.61496,1.6695,0,"negative"
1.51572878,14.85965,3.66833,1.74092,71.8708,0.16146,7.35604,0,0.0612,"negative"
1.51994308,13.2703,0,1.76018,73.03,0.47196,11.31572,0,0,"negative"
1.51800678,13.7092,3.92875,1.53869,71.8092,0.54027,8.20608,0,0.0765,"negative"
1.52067204,13.5496,2.08785,1.6703,72.1788,0.52785,9.5726,0.2709,0.0867,"negative"
1.51659442,12.991,3.17892,1.23053,72.9684,0.57753,8.80864,0,0.1224,"negative"
1.51591102,12.858,3.52016,2.1197,72.6604,0.68931,7.96936,0,0,"negative"
1.5175284,12.57205,3.47077,1.3814,73.3884,0.60237,8.5504,0,0.0306,"negative"
1.51657164,14.7998,0,1.9913,73.1084,0,8.2814,1.71045,0,"negative"
1.5196925,12.63855,0,1.65104,73.7524,0.37881,11.53092,0,0,"negative"
